0.000000 0.000000 2.99615421e-03
0.512821 0.000000 -6.59270964e-07
1.025641 0.000000 1.89592096e-06
1.538462 0.000000 2.24003188e-06
2.051282 0.000000 3.87728504e-07
2.564103 0.000000 1.70494987e-06
3.076923 0.000000 4.74329129e-06
3.589744 0.000000 1.38746884e-05
4.102564 0.000000 1.50504733e-05
4.615385 0.000000 1.20238321e-05
5.128205 0.000000 1.21998083e-05
5.641026 0.000000 3.00546532e-05
6.153846 0.000000 4.75229778e-05
6.666667 0.000000 6.58976514e-05
7.179487 0.000000 9.20605898e-05
7.692308 0.000000 1.39205696e-04
8.205128 0.000000 1.77928445e-04
8.717949 0.000000 2.27222153e-04
9.230769 0.000000 3.31992262e-04
9.743590 0.000000 4.77196381e-04
10.256410 0.000000 6.86708392e-04
10.769231 0.000000 1.04509764e-03
11.282051 0.000000 1.34544945e-03
11.794872 0.000000 1.46582122e-03
12.307692 0.000000 1.33542796e-03
12.820513 0.000000 1.08041397e-03
13.333333 0.000000 1.25730186e-03
13.846154 0.000000 1.73785903e-03
14.358974 0.000000 1.51631912e-03
14.871795 0.000000 8.80710061e-04
15.384615 0.000000 1.34870445e-03
15.897436 0.000000 1.64303798e-03
16.410256 0.000000 8.37630059e-04
16.923077 0.000000 1.43144518e-03
17.435897 0.000000 1.53604343e-03
17.948718 0.000000 8.77037969e-04
18.461538 0.000000 1.78333523e-03
18.974359 0.000000 9.43549189e-04
19.487179 0.000000 1.62009680e-03
20.000000 0.000000 1.24308820e-03
0.000000 0.512821 6.23175811e-08
0.512821 0.512821 -9.43600479e-07
1.025641 0.512821 -2.13004264e-08
1.538462 0.512821 1.02619136e-06
2.051282 0.512821 1.59950788e-06
2.564103 0.512821 2.45129448e-06
3.076923 0.512821 4.87871031e-06
3.589744 0.512821 1.34288130e-05
4.102564 0.512821 1.28499126e-05
4.615385 0.512821 1.08157463e-05
5.128205 0.512821 1.09336879e-05
5.641026 0.512821 2.93239314e-05
6.153846 0.512821 4.79772602e-05
6.666667 0.512821 6.74948112e-05
7.179487 0.512821 9.26151411e-05
7.692308 0.512821 1.38188035e-04
8.205128 0.512821 1.80062905e-04
8.717949 0.512821 2.28130227e-04
9.230769 0.512821 3.35874024e-04
9.743590 0.512821 4.80128147e-04
10.256410 0.512821 6.93007678e-04
10.769231 0.512821 1.05236073e-03
11.282051 0.512821 1.35059742e-03
11.794872 0.512821 1.46680485e-03
12.307692 0.512821 1.33049814e-03
12.820513 0.512821 1.08013640e-03
13.333333 0.512821 1.26702403e-03
13.846154 0.512821 1.74173371e-03
14.358974 0.512821 1.50300969e-03
14.871795 0.512821 8.79420468e-04
15.384615 0.512821 1.36315705e-03
15.897436 0.512821 1.63359650e-03
16.410256 0.512821 8.33058400e-04
16.923077 0.512821 1.44804661e-03
17.435897 0.512821 1.52124563e-03
17.948718 0.512821 8.85313083e-04
18.461538 0.512821 1.78465018e-03
18.974359 0.512821 9.35744088e-04
19.487179 0.512821 1.63425767e-03
20.000000 0.512821 1.22706827e-03
0.000000 1.025641 3.42185417e-08
0.512821 1.025641 -1.05902340e-08
1.025641 1.025641 2.43275817e-06
1.538462 1.025641 4.58925057e-06
2.051282 1.025641 2.73434229e-06
2.564103 1.025641 3.72398331e-07
3.076923 1.025641 2.75297566e-06
3.589744 1.025641 9.22981919e-06
4.102564 1.025641 9.09273543e-06
4.615385 1.025641 8.82153918e-06
5.128205 1.025641 1.01854595e-05
5.641026 1.025641 2.64235632e-05
6.153846 1.025641 4.44720290e-05
6.666667 1.025641 7.16052420e-05
7.179487 1.025641 9.57741194e-05
7.692308 1.025641 1.35464342e-04
8.205128 1.025641 1.85856091e-04
8.717949 1.025641 2.29358799e-04
9.230769 1.025641 3.48620127e-04
9.743590 1.025641 4.89186406e-04
10.256410 1.025641 7.10823758e-04
10.769231 1.025641 1.07419104e-03
11.282051 1.025641 1.36526103e-03
11.794872 1.025641 1.46761418e-03
12.307692 1.025641 1.31617114e-03
12.820513 1.025641 1.07883630e-03
13.333333 1.025641 1.29535785e-03
13.846154 1.025641 1.75074025e-03
14.358974 1.025641 1.46246818e-03
14.871795 1.025641 8.77117939e-04
15.384615 1.025641 1.40493332e-03
15.897436 1.025641 1.60198932e-03
16.410256 1.025641 8.21760132e-04
16.923077 1.025641 1.49525104e-03
17.435897 1.025641 1.47411186e-03
17.948718 1.025641 9.12610880e-04
18.461538 1.025641 1.78460468e-03
18.974359 1.025641 9.13840666e-04
19.487179 1.025641 1.67423637e-03
20.000000 1.025641 1.18008334e-03
0.000000 1.538462 3.01183101e-08
0.512821 1.538462 1.04933298e-07
1.025641 1.538462 2.06255820e-06
1.538462 1.538462 1.93012375e-06
2.051282 1.538462 1.13233553e-06
2.564103 1.538462 1.46856101e-06
3.076923 1.538462 5.44864300e-06
3.589744 1.538462 1.17247332e-05
4.102564 1.538462 1.40535334e-05
4.615385 1.538462 1.30419281e-05
5.128205 1.538462 1.39115051e-05
5.641026 1.538462 2.44379686e-05
6.153846 1.538462 3.96322087e-05
6.666667 1.538462 7.38782821e-05
7.179487 1.538462 1.02480508e-04
7.692308 1.538462 1.31687346e-04
8.205128 1.538462 1.90748818e-04
8.717949 1.538462 2.33856316e-04
9.230769 1.538462 3.67353695e-04
9.743590 1.538462 5.04687202e-04
10.256410 1.538462 7.45360563e-04
10.769231 1.538462 1.10804130e-03
11.282051 1.538462 1.38852054e-03
11.794872 1.538462 1.46901352e-03
12.307692 1.538462 1.29132651e-03
12.820513 1.538462 1.08035652e-03
13.333333 1.538462 1.34373834e-03
13.846154 1.538462 1.76056559e-03
14.358974 1.538462 1.39365161e-03
14.871795 1.538462 8.81737093e-04
15.384615 1.538462 1.47132084e-03
15.897436 1.538462 1.54298828e-03
16.410256 1.538462 8.14200178e-04
16.923077 1.538462 1.56740932e-03
17.435897 1.538462 1.39357413e-03
17.948718 1.538462 9.67243819e-04
18.461538 1.538462 1.77143516e-03
18.974359 1.538462 8.89770822e-04
19.487179 1.538462 1.73138455e-03
20.000000 1.538462 1.10981339e-03
0.000000 2.051282 8.63722986e-09
0.512821 2.051282 1.21819784e-07
1.025641 2.051282 7.14429519e-07
1.538462 2.051282 6.86968824e-07
2.051282 2.051282 -5.10287659e-07
2.564103 2.051282 1.44884713e-06
3.076923 2.051282 7.76602258e-06
3.589744 2.051282 9.82633910e-06
4.102564 2.051282 1.14435533e-05
4.615385 2.051282 1.27761616e-05
5.128205 2.051282 2.32375789e-05
5.641026 2.051282 3.23276077e-05
6.153846 2.051282 4.09732361e-05
6.666667 2.051282 7.42485166e-05
7.179487 2.051282 1.14343164e-04
7.692308 2.051282 1.31434768e-04
8.205128 2.051282 1.95304810e-04
8.717949 2.051282 2.44023761e-04
9.230769 2.051282 3.90811914e-04
9.743590 2.051282 5.31366712e-04
10.256410 2.051282 7.96352462e-04
10.769231 2.051282 1.15319958e-03
11.282051 2.051282 1.41639127e-03
11.794872 2.051282 1.46867447e-03
12.307692 2.051282 1.25731427e-03
12.820513 2.051282 1.08901733e-03
13.333333 2.051282 1.41076659e-03
13.846154 2.051282 1.76177303e-03
14.358974 2.051282 1.29956972e-03
14.871795 2.051282 9.04289925e-04
15.384615 2.051282 1.55335512e-03
15.897436 2.051282 1.45207640e-03
16.410256 2.051282 8.25516719e-04
16.923077 2.051282 1.65210387e-03
17.435897 2.051282 1.27896193e-03
17.948718 2.051282 1.06105930e-03
18.461538 2.051282 1.72992959e-03
18.974359 2.051282 8.81558144e-04
19.487179 2.051282 1.78922151e-03
20.000000 2.051282 1.02852976e-03
0.000000 2.564103 1.14354486e-07
0.512821 2.564103 9.03477617e-08
1.025641 2.564103 3.17638590e-08
1.538462 2.564103 5.67814117e-07
2.051282 2.564103 9.65987240e-07
2.564103 2.564103 6.84612999e-06
3.076923 2.564103 1.06549097e-05
3.589744 2.564103 1.17730943e-05
4.102564 2.564103 9.55569883e-06
4.615385 2.564103 8.69710756e-06
5.128205 2.564103 2.19063549e-05
5.641026 2.564103 3.87430896e-05
6.153846 2.564103 5.65691571e-05
6.666667 2.564103 7.81779924e-05
7.179487 2.564103 1.22433197e-04
7.692308 2.564103 1.44569552e-04
8.205128 2.564103 1.98822773e-04
8.717949 2.564103 2.65127379e-04
9.230769 2.564103 4.13202532e-04
9.743590 2.564103 5.71743483e-04
10.256410 2.564103 8.68325944e-04
10.769231 2.564103 1.20835936e-03
11.282051 2.564103 1.44412239e-03
11.794872 2.564103 1.46138095e-03
12.307692 2.564103 1.21964890e-03
12.820513 2.564103 1.11263642e-03
13.333333 2.564103 1.49045594e-03
13.846154 2.564103 1.74089257e-03
14.358974 2.564103 1.18771693e-03
14.871795 2.564103 9.60130802e-04
15.384615 2.564103 1.63338963e-03
15.897436 2.564103 1.32488462e-03
16.410256 2.564103 8.77749413e-04
16.923077 2.564103 1.72678764e-03
17.435897 2.564103 1.14057329e-03
17.948718 2.564103 1.20149829e-03
18.461538 2.564103 1.63916364e-03
18.974359 2.564103 9.13804804e-04
19.487179 2.564103 1.82095484e-03
20.000000 2.564103 9.63548758e-04
0.000000 3.076923 1.73111993e-07
0.512821 3.076923 1.73777127e-07
1.025641 3.076923 2.80575996e-07
1.538462 3.076923 1.51525206e-06
2.051282 3.076923 3.46305603e-06
2.564103 3.076923 7.37766177e-06
3.076923 3.076923 7.34430249e-06
3.589744 3.076923 5.27961753e-06
4.102564 3.076923 7.79668194e-06
4.615385 3.076923 1.96472273e-05
5.128205 3.076923 2.54680680e-05
5.641026 3.076923 3.23277453e-05
6.153846 3.076923 6.35866784e-05
6.666667 3.076923 8.86004493e-05
7.179487 3.076923 1.15673337e-04
7.692308 3.076923 1.64649400e-04
8.205128 3.076923 2.05543207e-04
8.717949 3.076923 3.04095182e-04
9.230769 3.076923 4.37560893e-04
9.743590 3.076923 6.27887357e-04
10.256410 3.076923 9.57028954e-04
10.769231 3.076923 1.27520185e-03
11.282051 3.076923 1.46808662e-03
11.794872 3.076923 1.43797689e-03
12.307692 3.076923 1.18345344e-03
12.820513 3.076923 1.16137465e-03
13.333333 3.076923 1.57387852e-03
13.846154 3.076923 1.68065098e-03
14.358974 3.076923 1.07501370e-03
14.871795 3.076923 1.06264518e-03
15.384615 3.076923 1.68484987e-03
15.897436 3.076923 1.17183997e-03
16.410256 3.076923 9.91328591e-04
16.923077 3.076923 1.75689253e-03
17.435897 3.076923 1.00245060e-03
17.948718 3.076923 1.38237800e-03
18.461538 3.076923 1.48839858e-03
18.974359 3.076923 1.01290444e-03
19.487179 3.076923 1.79228012e-03
20.000000 3.076923 9.50190128e-04
0.000000 3.589744 4.79577690e-08
0.512821 3.589744 2.63446989e-07
1.025641 3.589744 7.84479453e-07
1.538462 3.589744 2.26375796e-06
2.051282 3.589744 3.17447748e-06
2.564103 3.589744 5.98029282e-06
3.076923 3.589744 3.84071186e-06
3.589744 3.589744 7.01569799e-06
4.102564 3.589744 1.29204294e-05
4.615385 3.589744 1.66148427e-05
5.128205 3.589744 3.08805815e-05
5.641026 3.589744 4.86501567e-05
6.153846 3.589744 6.62351635e-05
6.666667 3.589744 1.04175766e-04
7.179487 3.589744 1.20072379e-04
7.692308 3.589744 1.72925738e-04
8.205128 3.589744 2.19582484e-04
8.717949 3.589744 3.49064312e-04
9.230769 3.589744 4.77917031e-04
9.743590 3.589744 7.08944830e-04
10.256410 3.589744 1.05462105e-03
10.769231 3.589744 1.35161651e-03
11.282051 3.589744 1.48892152e-03
11.794872 3.589744 1.39208185e-03
12.307692 3.589744 1.15765415e-03
12.820513 3.589744 1.24488724e-03
13.333333 3.589744 1.64554873e-03
13.846154 3.589744 1.56710198e-03
14.358974 3.589744 9.87965727e-04
14.871795 3.589744 1.21566452e-03
15.384615 3.589744 1.67510092e-03
15.897436 3.589744 1.01774467e-03
16.410256 3.589744 1.17310337e-03
16.923077 3.589744 1.70851510e-03
17.435897 3.589744 9.06366228e-04
17.948718 3.589744 1.57188270e-03
18.461538 3.589744 1.28826487e-03
18.974359 3.589744 1.19148565e-03
19.487179 3.589744 1.67219160e-03
20.000000 3.589744 1.02697578e-03
0.000000 4.102564 -1.89836584e-07
0.512821 4.102564 1.50904015e-07
1.025641 4.102564 4.67680607e-07
1.538462 4.102564 1.97786298e-06
2.051282 4.102564 2.72826057e-06
2.564103 4.102564 3.75551164e-06
3.076923 4.102564 4.37202807e-06
3.589744 4.102564 9.99674194e-06
4.102564 4.102564 1.33255621e-05
4.615385 4.102564 2.64549948e-05
5.128205 4.102564 3.33825676e-05
5.641026 4.102564 5.34121957e-05
6.153846 4.102564 7.94635718e-05
6.666667 4.102564 9.99482843e-05
7.179487 4.102564 1.43674648e-04
7.692308 4.102564 1.81021116e-04
8.205128 4.102564 2.57476415e-04
8.717949 4.102564 3.85139725e-04
9.230769 4.102564 5.42953892e-04
9.743590 4.102564 8.22021820e-04
10.256410 4.102564 1.15573248e-03
10.769231 4.102564 1.42305511e-03
11.282051 4.102564 1.50425128e-03
11.794872 4.102564 1.32908630e-03
12.307692 4.102564 1.15032776e-03
12.820513 4.102564 1.35802041e-03
13.333333 4.102564 1.68550652e-03
13.846154 4.102564 1.40279988e-03
14.358974 4.102564 9.59439510e-04
14.871795 4.102564 1.39962945e-03
15.384615 4.102564 1.57921859e-03
15.897436 4.102564 9.10176245e-04
16.410256 4.102564 1.40043316e-03
16.923077 4.102564 1.55828982e-03
17.435897 4.102564 9.06704809e-04
17.948718 4.102564 1.70916624e-03
18.461538 4.102564 1.08124485e-03
18.974359 4.102564 1.42962084e-03
19.487179 4.102564 1.45819366e-03
20.000000 4.102564 1.21235257e-03
0.000000 4.615385 -3.46965742e-07
0.512821 4.615385 -9.60838949e-08
1.025641 4.615385 2.98790206e-07
1.538462 4.615385 1.47962148e-06
2.051282 4.615385 2.46214793e-06
2.564103 4.615385 2.86838817e-06
3.076923 4.615385 8.87172670e-06
3.589744 4.615385 1.03563420e-05
4.102564 4.615385 2.10045023e-05
4.615385 4.615385 2.50279116e-05
5.128205 4.615385 4.42312944e-05
5.641026 4.615385 6.14228598e-05
6.153846 4.615385 8.96873542e-05
6.666667 4.615385 1.10076460e-04
7.179487 4.615385 1.52999507e-04
7.692308 4.615385 1.97939630e-04
8.205128 4.615385 3.12627490e-04
8.717949 4.615385 4.31114974e-04
9.230769 4.615385 6.35100589e-04
9.743590 4.615385 9.56848089e-04
10.256410 4.615385 1.27081216e-03
10.769231 4.615385 1.48024803e-03
11.282051 4.615385 1.49088917e-03
11.794872 4.615385 1.26872341e-03
12.307692 4.615385 1.17946673e-03
12.820513 4.615385 1.47776095e-03
13.333333 4.615385 1.66520575e-03
13.846154 4.615385 1.22314878e-03
14.358974 4.615385 1.01587496e-03
14.871795 4.615385 1.56299530e-03
15.384615 4.615385 1.39757717e-03
15.897436 4.615385 9.07051719e-04
16.410256 4.615385 1.60777477e-03
16.923077 4.615385 1.32481296e-03
17.435897 4.615385 1.04383698e-03
17.948718 4.615385 1.72043682e-03
18.461538 4.615385 9.47762981e-04
18.974359 4.615385 1.65850813e-03
19.487179 4.615385 1.20087616e-03
20.000000 4.615385 1.47469913e-03
0.000000 5.128205 -3.10983306e-08
0.512821 5.128205 5.32061944e-08
1.025641 5.128205 6.82629560e-07
1.538462 5.128205 1.65833597e-06
2.051282 5.128205 3.91019722e-06
2.564103 5.128205 5.77346805e-06
3.076923 5.128205 9.69217881e-06
3.589744 5.128205 1.54593666e-05
4.102564 5.128205 2.19093648e-05
4.615385 5.128205 3.59312774e-05
5.128205 5.128205 4.98740833e-05
5.641026 5.128205 7.59348647e-05
6.153846 5.128205 8.89858157e-05
6.666667 5.128205 1.31327267e-04
7.179487 5.128205 1.65035319e-04
7.692308 5.128205 2.45985298e-04
8.205128 5.128205 3.56924305e-04
8.717949 5.128205 5.11718553e-04
9.230769 5.128205 7.69865787e-04
9.743590 5.128205 1.09616692e-03
10.256410 5.128205 1.38843090e-03
10.769231 5.128205 1.52740941e-03
11.282051 5.128205 1.43510083e-03
11.794872 5.128205 1.22463674e-03
12.307692 5.128205 1.26177139e-03
12.820513 5.128205 1.57339109e-03
13.333333 5.128205 1.55691075e-03
13.846154 5.128205 1.08338075e-03
14.358974 5.128205 1.16942762e-03
14.871795 5.128205 1.63402343e-03
15.384615 5.128205 1.17558780e-03
15.897436 5.128205 1.04908769e-03
16.410256 5.128205 1.70226725e-03
16.923077 5.128205 1.08395722e-03
17.435897 5.128205 1.30081374e-03
17.948718 5.128205 1.56529394e-03
18.461538 5.128205 9.74611524e-04
18.974359 5.128205 1.76979222e-03
19.487179 5.128205 1.01452190e-03
20.000000 5.128205 1.71565710e-03
0.000000 5.641026 2.52056214e-07
0.512821 5.641026 5.21183383e-07
1.025641 5.641026 1.25625974e-06
1.538462 5.641026 2.53321609e-06
2.051282 5.641026 5.06599084e-06
2.564103 5.641026 8.36727207e-06
3.076923 5.641026 1.06008226e-05
3.589744 5.641026 2.03831750e-05
4.102564 5.641026 2.86690646e-05
4.615385 5.641026 4.17526004e-05
5.128205 5.641026 6.29153316e-05
5.641026 5.641026 7.39490032e-05
6.153846 5.641026 1.09937466e-04
6.666667 5.641026 1.41481122e-04
7.179487 5.641026 1.97730982e-04
7.692308 5.641026 3.02543689e-04
8.205128 5.641026 4.23946434e-04
8.717949 5.641026 6.28756079e-04
9.230769 5.641026 9.36142712e-04
9.743590 5.641026 1.25021844e-03
10.256410 5.641026 1.48428219e-03
10.769231 5.641026 1.54387371e-03
11.282051 5.641026 1.36048367e-03
11.794872 5.641026 1.20993070e-03
12.307692 5.641026 1.38006802e-03
12.820513 5.641026 1.61544214e-03
13.333333 5.641026 1.37615156e-03
13.846154 5.641026 1.03803489e-03
14.358974 5.641026 1.38115796e-03
14.871795 5.641026 1.56082986e-03
15.384615 5.641026 1.00242561e-03
15.897436 5.641026 1.31015533e-03
16.410256 5.641026 1.61297768e-03
16.923077 5.641026 9.56472191e-04
17.435897 5.641026 1.57118950e-03
17.948718 5.641026 1.28878700e-03
18.461538 5.641026 1.19280329e-03
18.974359 5.641026 1.67057359e-03
19.487179 5.641026 1.02366145e-03
20.000000 5.641026 1.79564600e-03
0.000000 6.153846 6.00097905e-07
0.512821 6.153846 8.95743663e-07
1.025641 6.153846 1.64253751e-06
1.538462 6.153846 3.39202648e-06
2.051282 6.153846 6.04331303e-06
2.564103 6.153846 1.07197238e-05
3.076923 6.153846 1.62380518e-05
3.589744 6.153846 2.37766551e-05
4.102564 6.153846 3.60102922e-05
4.615385 6.153846 5.11730882e-05
5.128205 6.153846 6.37000336e-05
5.641026 6.153846 9.33422778e-05
6.153846 6.153846 1.21566072e-04
6.666667 6.153846 1.67473390e-04
7.179487 6.153846 2.59210847e-04
7.692308 6.153846 3.62640613e-04
8.205128 6.153846 5.32576838e-04
8.717949 6.153846 7.98984294e-04
9.230769 6.153846 1.11264844e-03
9.743590 6.153846 1.40539673e-03
10.256410 6.153846 1.56296051e-03
10.769231 6.153846 1.49700227e-03
11.282051 6.153846 1.29554640e-03
11.794872 6.153846 1.25399587e-03
12.307692 6.153846 1.48689997e-03
12.820513 6.153846 1.56349424e-03
13.333333 6.153846 1.20048990e-03
13.846154 6.153846 1.11917571e-03
14.358974 6.153846 1.54929213e-03
14.871795 6.153846 1.36065874e-03
15.384615 6.153846 9.84320851e-04
15.897436 6.153846 1.56480964e-03
16.410256 6.153846 1.36187544e-03
16.923077 6.153846 1.04444174e-03
17.435897 6.153846 1.68599087e-03
17.948718 6.153846 1.04156099e-03
18.461538 6.153846 1.50882106e-03
18.974359 6.153846 1.38008365e-03
19.487179 6.153846 1.26403209e-03
20.000000 6.153846 1.63071203e-03
0.000000 6.666667 1.43021420e-06
0.512821 6.666667 1.53852049e-06
1.025641 6.666667 2.38906311e-06
1.538462 6.666667 4.38437475e-06
2.051282 6.666667 7.83274367e-06
2.564103 6.666667 1.32060201e-05
3.076923 6.666667 2.02283086e-05
3.589744 6.666667 3.06472189e-05
4.102564 6.666667 4.02476697e-05
4.615385 6.666667 5.58730293e-05
5.128205 6.666667 8.06447771e-05
5.641026 6.666667 1.06821480e-04
6.153846 6.666667 1.47769340e-04
6.666667 6.666667 2.26863683e-04
7.179487 6.666667 3.19918802e-04
7.692308 6.666667 4.68564263e-04
8.205128 6.666667 6.97356870e-04
8.717949 6.666667 9.98326744e-04
9.230769 6.666667 1.31130585e-03
9.743590 6.666667 1.53403470e-03
10.256410 6.666667 1.58790333e-03
10.769231 6.666667 1.41739829e-03
11.282051 6.666667 1.25290931e-03
11.794872 6.666667 1.34829711e-03
12.307692 6.666667 1.54612733e-03
12.820513 6.666667 1.41353472e-03
13.333333 6.666667 1.11378699e-03
13.846154 6.666667 1.30759402e-03
14.358974 6.666667 1.56340376e-03
14.871795 6.666667 1.13630631e-03
15.384615 6.666667 1.16967332e-03
15.897436 6.666667 1.64553072e-03
16.410256 6.666667 1.09741287e-03
16.923077 6.666667 1.32653277e-03
17.435897 6.666667 1.54305964e-03
17.948718 6.666667 1.01089927e-03
18.461538 6.666667 1.71247663e-03
18.974359 6.666667 1.09130157e-03
19.487179 6.666667 1.59514799e-03
20.000000 6.666667 1.30230367e-03
0.000000 7.179487 2.09811913e-06
0.512821 7.179487 2.70795957e-06
1.025641 7.179487 3.97404732e-06
1.538462 7.179487 6.34824993e-06
2.051282 7.179487 1.01473340e-05
2.564103 7.179487 1.64169991e-05
3.076923 7.179487 2.40877212e-05
3.589744 7.179487 3.47370471e-05
4.102564 7.179487 5.08754737e-05
4.615385 7.179487 6.91939982e-05
5.128205 7.179487 9.58426684e-05
5.641026 7.179487 1.36003873e-04
6.153846 7.179487 2.05747914e-04
6.666667 7.179487 2.92220467e-04
7.179487 7.179487 4.28390720e-04
7.692308 7.179487 6.30717067e-04
8.205128 7.179487 9.13124727e-04
8.717949 7.179487 1.22615141e-03
9.230769 7.179487 1.49242300e-03
9.743590 7.179487 1.62678535e-03
10.256410 7.179487 1.52964854e-03
10.769231 7.179487 1.33383508e-03
11.282051 7.179487 1.27303565e-03
11.794872 7.179487 1.43756495e-03
12.307692 7.179487 1.51420999e-03
12.820513 7.179487 1.25502980e-03
13.333333 7.179487 1.16064470e-03
13.846154 7.179487 1.48794309e-03
14.358974 7.179487 1.40825811e-03
14.871795 7.179487 1.04036130e-03
15.384615 7.179487 1.45116534e-03
15.897436 7.179487 1.47954529e-03
16.410256 7.179487 1.02367133e-03
16.923077 7.179487 1.59502245e-03
17.435897 7.179487 1.23727256e-03
17.948718 7.179487 1.25640214e-03
18.461538 7.179487 1.61776206e-03
18.974359 7.179487 1.05997979e-03
19.487179 7.179487 1.74881415e-03
20.000000 7.179487 1.06512353e-03
0.000000 7.692308 1.65474616e-06
0.512821 7.692308 2.53171640e-06
1.025641 7.692308 5.08838753e-06
1.538462 7.692308 9.31671660e-06
2.051282 7.692308 1.46696081e-05
2.564103 7.692308 2.13799372e-05
3.076923 7.692308 3.12777347e-05
3.589744 7.692308 4.43794698e-05
4.102564 7.692308 6.47966309e-05
4.615385 7.692308 9.07132289e-05
5.128205 7.692308 1.32489430e-04
5.641026 7.692308 1.94097119e-04
6.153846 7.692308 2.79811515e-04
6.666667 7.692308 4.09645590e-04
7.179487 7.692308 5.96772083e-04
7.692308 7.692308 8.61355684e-04
8.205128 7.692308 1.16843867e-03
8.717949 7.692308 1.45553096e-03
9.230769 7.692308 1.63889108e-03
9.743590 7.692308 1.61647877e-03
10.256410 7.692308 1.43508826e-03
10.769231 7.692308 1.27279725e-03
11.282051 7.692308 1.33788785e-03
11.794872 7.692308 1.48862282e-03
12.307692 7.692308 1.39197508e-03
12.820513 7.692308 1.18302670e-03
13.333333 7.692308 1.32228637e-03
13.846154 7.692308 1.51638601e-03
14.358974 7.692308 1.19850467e-03
14.871795 7.692308 1.17185190e-03
15.384615 7.692308 1.59786832e-03
15.897436 7.692308 1.19986206e-03
16.410256 7.692308 1.22922171e-03
16.923077 7.692308 1.59827345e-03
17.435897 7.692308 1.04239526e-03
17.948718 7.692308 1.58120880e-03
18.461538 7.692308 1.28544805e-03
18.974359 7.692308 1.34370181e-03
19.487179 7.692308 1.55962578e-03
20.000000 7.692308 1.15414377e-03
0.000000 8.205128 5.99203309e-06
0.512821 8.205128 6.46471049e-06
1.025641 8.205128 8.69403075e-06
1.538462 8.205128 1.25309264e-05
2.051282 8.205128 1.95923834e-05
2.564103 8.205128 3.08626497e-05
3.076923 8.205128 4.69203789e-05
3.589744 8.205128 6.62690185e-05
4.102564 8.205128 9.32746237e-05
4.615385 8.205128 1.35470316e-04
5.128205 8.205128 1.95000004e-04
5.641026 8.205128 2.85834647e-04
6.153846 8.205128 4.12696740e-04
6.666667 8.205128 5.94063055e-04
7.179487 8.205128 8.45605864e-04
7.692308 8.205128 1.14639994e-03
8.205128 8.205128 1.44028888e-03
8.717949 8.205128 1.64924591e-03
9.230769 8.205128 1.68099339e-03
9.743590 8.205128 1.52844972e-03
10.256410 8.205128 1.31969482e-03
10.769231 8.205128 1.27733098e-03
11.282051 8.205128 1.40657710e-03
11.794872 8.205128 1.45553972e-03
12.307692 8.205128 1.28203482e-03
12.820513 8.205128 1.23374647e-03
13.333333 8.205128 1.46324378e-03
13.846154 8.205128 1.38025828e-03
14.358974 8.205128 1.11092672e-03
14.871795 8.205128 1.43080294e-03
15.384615 8.205128 1.47361866e-03
15.897436 8.205128 1.07542333e-03
16.410256 8.205128 1.52294148e-03
16.923077 8.205128 1.32996357e-03
17.435897 8.205128 1.17656437e-03
17.948718 8.205128 1.65208060e-03
18.461538 8.205128 1.07194105e-03
18.974359 8.205128 1.65854533e-03
19.487179 8.205128 1.20767877e-03
20.000000 8.205128 1.50179125e-03
0.000000 8.717949 1.85955935e-05
0.512821 8.717949 2.01723757e-05
1.025641 8.717949 2.43114327e-05
1.538462 8.717949 3.16151441e-05
2.051282 8.717949 4.18277414e-05
2.564103 8.717949 5.47887602e-05
3.076923 8.717949 7.43795465e-05
3.589744 8.717949 1.04663054e-04
4.102564 8.717949 1.50705243e-04
4.615385 8.717949 2.18572984e-04
5.128205 8.717949 3.15142791e-04
5.641026 8.717949 4.41648994e-04
6.153846 8.717949 6.23730975e-04
6.666667 8.717949 8.71215274e-04
7.179487 8.717949 1.16680024e-03
7.692308 8.717949 1.45557570e-03
8.205128 8.717949 1.67407448e-03
8.717949 8.717949 1.73178596e-03
9.230769 8.717949 1.60484996e-03
9.743590 8.717949 1.38019570e-03
10.256410 8.717949 1.25247472e-03
10.769231 8.717949 1.32276051e-03
11.282051 8.717949 1.44818223e-03
11.794872 8.717949 1.37566504e-03
12.307692 8.717949 1.24658729e-03
12.820513 8.717949 1.36466577e-03
13.333333 8.717949 1.45367946e-03
13.846154 8.717949 1.21507889e-03
14.358974 8.717949 1.24647190e-03
14.871795 8.717949 1.54853721e-03
15.384615 8.717949 1.22028118e-03
15.897436 8.717949 1.25126559e-03
16.410256 8.717949 1.56704881e-03
16.923077 8.717949 1.09863038e-03
17.435897 8.717949 1.50476583e-03
17.948718 8.717949 1.37088183e-03
18.461538 8.717949 1.24645213e-03
18.974359 8.717949 1.63058399e-03
19.487179 8.717949 1.10130888e-03
20.000000 8.717949 1.69578714e-03
0.000000 9.230769 4.10292080e-05
0.512821 9.230769 4.26007037e-05
1.025641 9.230769 4.78005085e-05
1.538462 9.230769 5.73813109e-05
2.051282 9.230769 7.41468471e-05
2.564103 9.230769 1.00541288e-04
3.076923 9.230769 1.40441923e-04
3.589744 9.230769 1.96890671e-04
4.102564 9.230769 2.73066133e-04
4.615385 9.230769 3.70083524e-04
5.128205 9.230769 5.04646179e-04
5.641026 9.230769 6.96622962e-04
6.153846 9.230769 9.46861243e-04
6.666667 9.230769 1.23650413e-03
7.179487 9.230769 1.51189209e-03
7.692308 9.230769 1.72225946e-03
8.205128 9.230769 1.77952676e-03
8.717949 9.230769 1.66370058e-03
9.230769 9.230769 1.42946542e-03
9.743590 9.230769 1.24415160e-03
10.256410 9.230769 1.25361670e-03
10.769231 9.230769 1.40272458e-03
11.282051 9.230769 1.43367561e-03
11.794872 9.230769 1.31262476e-03
12.307692 9.230769 1.30177991e-03
12.820513 9.230769 1.43397239e-03
13.333333 9.230769 1.33363120e-03
13.846154 9.230769 1.19229958e-03
14.358974 9.230769 1.45733409e-03
14.871795 9.230769 1.40594878e-03
15.384615 9.230769 1.14001860e-03
15.897436 9.230769 1.51182729e-03
16.410256 9.230769 1.31828685e-03
16.923077 9.230769 1.20747324e-03
17.435897 9.230769 1.61282419e-03
17.948718 9.230769 1.11575093e-03
18.461538 9.230769 1.58526767e-03
18.974359 9.230769 1.29131022e-03
19.487179 9.230769 1.38847020e-03
20.000000 9.230769 1.46573996e-03
0.000000 9.743590 1.05345689e-04
0.512821 9.743590 1.09872084e-04
1.025641 9.743590 1.22952863e-04
1.538462 9.743590 1.45000756e-04
2.051282 9.743590 1.78414369e-04
2.564103 9.743590 2.24025072e-04
3.076923 9.743590 2.83154779e-04
3.589744 9.743590 3.61460243e-04
4.102564 9.743590 4.69398106e-04
4.615385 9.743590 6.22553859e-04
5.128205 9.743590 8.29757640e-04
5.641026 9.743590 1.08393637e-03
6.153846 9.743590 1.35749838e-03
6.666667 9.743590 1.61086881e-03
7.179487 9.743590 1.79400798e-03
7.692308 9.743590 1.82556294e-03
8.205128 9.743590 1.70272643e-03
8.717949 9.743590 1.45316641e-03
9.230769 9.743590 1.23245411e-03
9.743590 9.743590 1.19750233e-03
10.256410 9.743590 1.34925379e-03
10.769231 9.743590 1.46171554e-03
11.282051 9.743590 1.38918370e-03
11.794872 9.743590 1.29049491e-03
12.307692 9.743590 1.37725758e-03
12.820513 9.743590 1.39653509e-03
13.333333 9.743590 1.24134959e-03
13.846154 9.743590 1.34392414e-03
14.358974 9.743590 1.48144514e-03
14.871795 9.743590 1.20955664e-03
15.384615 9.743590 1.33720454e-03
15.897436 9.743590 1.49534995e-03
16.410256 9.743590 1.13809282e-03
16.923077 9.743590 1.50820388e-03
17.435897 9.743590 1.34635944e-03
17.948718 9.743590 1.26576452e-03
18.461538 9.743590 1.60071860e-03
18.974359 9.743590 1.12581352e-03
19.487179 9.743590 1.65044212e-03
20.000000 9.743590 1.14109362e-03
0.000000 10.256410 2.58565186e-04
0.512821 10.256410 2.64419175e-04
1.025641 10.256410 2.80661636e-04
1.538462 10.256410 3.11795447e-04
2.051282 10.256410 3.57244970e-04
2.564103 10.256410 4.23093982e-04
3.076923 10.256410 5.16836019e-04
3.589744 10.256410 6.50606149e-04
4.102564 10.256410 8.25997600e-04
4.615385 10.256410 1.04402645e-03
5.128205 10.256410 1.28857246e-03
5.641026 10.256410 1.53346950e-03
6.153846 10.256410 1.74992298e-03
6.666667 10.256410 1.87742988e-03
7.179487 10.256410 1.86563547e-03
7.692308 10.256410 1.71094605e-03
8.205128 10.256410 1.43678250e-03
8.717949 10.256410 1.20019930e-03
9.230769 10.256410 1.14691124e-03
9.743590 10.256410 1.30682679e-03
10.256410 10.256410 1.47864194e-03
10.769231 10.256410 1.45811825e-03
11.282051 10.256410 1.31110032e-03
11.794872 10.256410 1.32245124e-03
12.307692 10.256410 1.40573310e-03
12.820513 10.256410 1.32147142e-03
13.333333 10.256410 1.28776466e-03
13.846154 10.256410 1.45773566e-03
14.358974 10.256410 1.32397630e-03
14.871795 10.256410 1.23433839e-03
15.384615 10.256410 1.50566847e-03
15.897436 10.256410 1.25822754e-03
16.410256 10.256410 1.30195085e-03
16.923077 10.256410 1.53957118e-03
17.435897 10.256410 1.14835414e-03
17.948718 10.256410 1.57345846e-03
18.461538 10.256410 1.28000812e-03
18.974359 10.256410 1.38883933e-03
19.487179 10.256410 1.46291405e-03
20.000000 10.256410 1.23498510e-03
0.000000 10.769231 5.16602421e-04
0.512821 10.769231 5.27041222e-04
1.025641 10.769231 5.58574634e-04
1.538462 10.769231 6.14217887e-04
2.051282 10.769231 6.97977728e-04
2.564103 10.769231 8.12931640e-04
3.076923 10.769231 9.59651285e-04
3.589744 10.769231 1.13844312e-03
4.102564 10.769231 1.33983999e-03
4.615385 10.769231 1.55275751e-03
5.128205 10.769231 1.75376508e-03
5.641026 10.769231 1.90044891e-03
6.153846 10.769231 1.94948896e-03
6.666667 10.769231 1.87693884e-03
7.179487 10.769231 1.66783784e-03
7.692308 10.769231 1.36862722e-03
8.205128 10.769231 1.13654318e-03
8.717949 10.769231 1.10163577e-03
9.230769 10.769231 1.28982257e-03
9.743590 10.769231 1.50555802e-03
10.256410 10.769231 1.51726686e-03
10.769231 10.769231 1.33797392e-03
11.282051 10.769231 1.27955478e-03
11.794872 10.769231 1.38656173e-03
12.307692 10.769231 1.39137191e-03
12.820513 10.769231 1.29111314e-03
13.333333 10.769231 1.39679601e-03
13.846154 10.769231 1.39672051e-03
14.358974 10.769231 1.23679520e-03
14.871795 10.769231 1.42365621e-03
15.384615 10.769231 1.38763957e-03
15.897436 10.769231 1.20665950e-03
16.410256 10.769231 1.52784587e-03
16.923077 10.769231 1.26559681e-03
17.435897 10.769231 1.35674910e-03
17.948718 10.769231 1.51446867e-03
18.461538 10.769231 1.17423179e-03
18.974359 10.769231 1.61126604e-03
19.487179 10.769231 1.15953429e-03
20.000000 10.769231 1.56374638e-03
0.000000 11.282051 1.02747956e-03
0.512821 11.282051 1.04235423e-03
1.025641 11.282051 1.08559498e-03
1.538462 11.282051 1.15928944e-03
2.051282 11.282051 1.26061209e-03
2.564103 11.282051 1.38753513e-03
3.076923 11.282051 1.53622847e-03
3.589744 11.282051 1.69489249e-03
4.102564 11.282051 1.84774765e-03
4.615385 11.282051 1.96474805e-03
5.128205 11.282051 2.01467263e-03
5.641026 11.282051 1.97375487e-03
6.153846 11.282051 1.81690218e-03
6.666667 11.282051 1.54103407e-03
7.179487 11.282051 1.23955234e-03
7.692308 11.282051 1.04714266e-03
8.205128 11.282051 1.07534842e-03
8.717949 11.282051 1.31514997e-03
9.230769 11.282051 1.55873436e-03
9.743590 11.282051 1.56560972e-03
10.256410 11.282051 1.35076867e-03
10.769231 11.282051 1.24298051e-03
11.282051 11.282051 1.36367600e-03
11.794872 11.282051 1.44498202e-03
12.307692 11.282051 1.32621022e-03
12.820513 11.282051 1.34189837e-03
13.333333 11.282051 1.41662601e-03
13.846154 11.282051 1.29297835e-03
14.358974 11.282051 1.34516808e-03
14.871795 11.282051 1.44155519e-03
15.384615 11.282051 1.23100672e-03
15.897436 11.282051 1.41708907e-03
16.410256 11.282051 1.41352727e-03
16.923077 11.282051 1.22016936e-03
17.435897 11.282051 1.56339569e-03
17.948718 11.282051 1.22415196e-03
18.461538 11.282051 1.46000146e-03
18.974359 11.282051 1.37800984e-03
19.487179 11.282051 1.29967143e-03
20.000000 11.282051 1.51056885e-03
0.000000 11.794872 1.66542632e-03
0.512821 11.794872 1.67809866e-03
1.025641 11.794872 1.71619983e-03
1.538462 11.794872 1.77699240e-03
2.051282 11.794872 1.85464592e-03
2.564103 11.794872 1.93930968e-03
3.076923 11.794872 2.01766033e-03
3.589744 11.794872 2.07149007e-03
4.102564 11.794872 2.08244247e-03
4.615385 11.794872 2.02561372e-03
5.128205 11.794872 1.87618245e-03
5.641026 11.794872 1.62343141e-03
6.153846 11.794872 1.31767778e-03
6.666667 11.794872 1.06217677e-03
7.179487 11.794872 9.66418006e-04
7.692308 11.794872 1.10517280e-03
8.205128 11.794872 1.40469882e-03
8.717949 11.794872 1.64171882e-03
9.230769 11.794872 1.59094129e-03
9.743590 11.794872 1.33078819e-03
10.256410 11.794872 1.20566157e-03
10.769231 11.794872 1.35469706e-03
11.282051 11.794872 1.49243150e-03
11.794872 11.794872 1.36725465e-03
12.307692 11.794872 1.30224496e-03
12.820513 11.794872 1.40457480e-03
13.333333 11.794872 1.35586586e-03
13.846154 11.794872 1.30800565e-03
14.358974 11.794872 1.43046391e-03
14.871795 11.794872 1.30041649e-03
15.384615 11.794872 1.32750992e-03
15.897436 11.794872 1.47291931e-03
16.410256 11.794872 1.22214180e-03
16.923077 11.794872 1.46613904e-03
17.435897 11.794872 1.37688953e-03
17.948718 11.794872 1.27535062e-03
18.461538 11.794872 1.54017393e-03
18.974359 11.794872 1.17870324e-03
19.487179 11.794872 1.56416711e-03
20.000000 11.794872 1.20328104e-03
0.000000 12.307692 2.13008996e-03
0.512821 12.307692 2.13454201e-03
1.025641 12.307692 2.14508194e-03
1.538462 12.307692 2.15516473e-03
2.051282 12.307692 2.15897903e-03
2.564103 12.307692 2.14378647e-03
3.076923 12.307692 2.09288853e-03
3.589744 12.307692 1.98838017e-03
4.102564 12.307692 1.81156863e-03
4.615385 12.307692 1.56569704e-03
5.128205 12.307692 1.28304637e-03
5.641026 12.307692 1.03380613e-03
6.153846 12.307692 9.03784478e-04
6.666667 12.307692 9.72481573e-04
7.179487 12.307692 1.24059328e-03
7.692308 12.307692 1.57031228e-03
8.205128 12.307692 1.72664044e-03
8.717949 12.307692 1.56488237e-03
9.230769 12.307692 1.26528305e-03
9.743590 12.307692 1.17188904e-03
10.256410 12.307692 1.37840953e-03
10.769231 12.307692 1.54393789e-03
11.282051 12.307692 1.39498055e-03
11.794872 12.307692 1.27019161e-03
12.307692 12.307692 1.38466262e-03
12.820513 12.307692 1.40879743e-03
13.333333 12.307692 1.30469094e-03
13.846154 12.307692 1.39123492e-03
14.358974 12.307692 1.35986582e-03
14.871795 12.307692 1.29531482e-03
15.384615 12.307692 1.45370540e-03
15.897436 12.307692 1.28783232e-03
16.410256 12.307692 1.35618934e-03
16.923077 12.307692 1.47027270e-03
17.435897 12.307692 1.22029468e-03
17.948718 12.307692 1.52193582e-03
18.461538 12.307692 1.26311375e-03
18.974359 12.307692 1.41509106e-03
19.487179 12.307692 1.39181297e-03
20.000000 12.307692 1.28910425e-03
0.000000 12.820513 2.06562035e-03
0.512821 12.820513 2.05605869e-03
1.025641 12.820513 2.02198289e-03
1.538462 12.820513 1.95871647e-03
2.051282 12.820513 1.86019415e-03
2.564103 12.820513 1.72072569e-03
3.076923 12.820513 1.53529069e-03
3.589744 12.820513 1.31716470e-03
4.102564 12.820513 1.09366192e-03
4.615385 12.820513 9.11182832e-04
5.128205 12.820513 8.30591860e-04
5.641026 12.820513 9.11025761e-04
6.153846 12.820513 1.16434297e-03
6.666667 12.820513 1.50939444e-03
7.179487 12.820513 1.76413689e-03
7.692308 12.820513 1.74151655e-03
8.205128 12.820513 1.44992295e-03
8.717949 12.820513 1.16085700e-03
9.230769 12.820513 1.16969092e-03
9.743590 12.820513 1.45283189e-03
10.256410 12.820513 1.59689230e-03
10.769231 12.820513 1.39270604e-03
11.282051 12.820513 1.23599796e-03
11.794872 12.820513 1.37539506e-03
12.307692 12.820513 1.45327790e-03
12.820513 12.820513 1.31460579e-03
13.333333 12.820513 1.34947360e-03
13.846154 12.820513 1.39549638e-03
14.358974 12.820513 1.30491876e-03
14.871795 12.820513 1.40519210e-03
15.384615 12.820513 1.34777606e-03
15.897436 12.820513 1.30008635e-03
16.410256 12.820513 1.47628323e-03
16.923077 12.820513 1.26468856e-03
17.435897 12.820513 1.41861902e-03
17.948718 12.820513 1.39245714e-03
18.461538 12.820513 1.27550878e-03
18.974359 12.820513 1.50705757e-03
19.487179 12.820513 1.20074700e-03
20.000000 12.820513 1.54253078e-03
0.000000 13.333333 1.28751590e-03
0.512821 13.333333 1.26951077e-03
1.025641 13.333333 1.21723014e-03
1.538462 13.333333 1.13286738e-03
2.051282 13.333333 1.02555660e-03
2.564103 13.333333 9.10115558e-04
3.076923 13.333333 8.09173780e-04
3.589744 13.333333 7.58434220e-04
4.102564 13.333333 7.96419009e-04
4.615385 13.333333 9.55368591e-04
5.128205 13.333333 1.23180399e-03
5.641026 13.333333 1.56436738e-03
6.153846 13.333333 1.81857638e-03
6.666667 13.333333 1.84100643e-03
7.179487 13.333333 1.59337949e-03
7.692308 13.333333 1.24093571e-03
8.205128 13.333333 1.07107815e-03
8.717949 13.333333 1.25229029e-03
9.230769 13.333333 1.58198513e-03
9.743590 13.333333 1.62505450e-03
10.256410 13.333333 1.34213094e-03
10.769231 13.333333 1.20060501e-03
11.282051 13.333333 1.39363167e-03
11.794872 13.333333 1.49352513e-03
12.307692 13.333333 1.31755535e-03
12.820513 13.333333 1.31377327e-03
13.333333 13.333333 1.41738271e-03
13.846154 13.333333 1.33207627e-03
14.358974 13.333333 1.35832449e-03
14.871795 13.333333 1.37827357e-03
15.384615 13.333333 1.29439148e-03
15.897436 13.333333 1.43548689e-03
16.410256 13.333333 1.32841674e-03
16.923077 13.333333 1.33465542e-03
17.435897 13.333333 1.45714940e-03
17.948718 13.333333 1.23837831e-03
18.461538 13.333333 1.49132954e-03
18.974359 13.333333 1.26246194e-03
19.487179 13.333333 1.42275797e-03
20.000000 13.333333 1.36217635e-03
0.000000 13.846154 6.80939164e-04
0.512821 13.846154 6.82662568e-04
1.025641 13.846154 6.88106900e-04
1.538462 13.846154 7.08177517e-04
2.051282 13.846154 7.56835872e-04
2.564103 13.846154 8.52903050e-04
3.076923 13.846154 1.01183390e-03
3.589744 13.846154 1.23852032e-03
4.102564 13.846154 1.51341070e-03
4.615385 13.846154 1.77640372e-03
5.128205 13.846154 1.93201166e-03
5.641026 13.846154 1.88650865e-03
6.153846 13.846154 1.62703445e-03
6.666667 13.846154 1.26908837e-03
7.179487 13.846154 1.03459220e-03
7.692308 13.846154 1.11604537e-03
8.205128 13.846154 1.46303133e-03
8.717949 13.846154 1.71944484e-03
9.230769 13.846154 1.57508052e-03
9.743590 13.846154 1.23748785e-03
10.256410 13.846154 1.18884839e-03
10.769231 13.846154 1.45424655e-03
11.282051 13.846154 1.52341866e-03
11.794872 13.846154 1.29771281e-03
12.307692 13.846154 1.28864120e-03
12.820513 13.846154 1.43928344e-03
13.333333 13.846154 1.35850769e-03
13.846154 13.846154 1.32079317e-03
14.358974 13.846154 1.38602033e-03
14.871795 13.846154 1.31430249e-03
15.384615 13.846154 1.38709960e-03
15.897436 13.846154 1.36936205e-03
16.410256 13.846154 1.30126398e-03
16.923077 13.846154 1.45382637e-03
17.435897 13.846154 1.27143008e-03
17.948718 13.846154 1.41831119e-03
18.461538 13.846154 1.35582498e-03
18.974359 13.846154 1.30714914e-03
19.487179 13.846154 1.46850376e-03
20.000000 13.846154 1.22530995e-03
0.000000 14.358974 1.33728469e-03
0.512821 14.358974 1.35761661e-03
1.025641 14.358974 1.42036448e-03
1.538462 14.358974 1.52255896e-03
2.051282 14.358974 1.65776586e-03
2.564103 14.358974 1.80839795e-03
3.076923 14.358974 1.94405258e-03
3.589744 14.358974 2.01784541e-03
4.102564 14.358974 1.97750060e-03
4.615385 14.358974 1.79558753e-03
5.128205 14.358974 1.49244137e-03
5.641026 14.358974 1.16630543e-03
6.153846 14.358974 9.77137046e-04
6.666667 14.358974 1.06321457e-03
7.179487 14.358974 1.40260462e-03
7.692308 14.358974 1.73743252e-03
8.205128 14.358974 1.73882872e-03
8.717949 14.358974 1.39779449e-03
9.230769 14.358974 1.11894405e-03
9.743590 14.358974 1.24961903e-03
10.256410 14.358974 1.55621629e-03
10.769231 14.358974 1.51660638e-03
11.282051 14.358974 1.24673854e-03
11.794872 14.358974 1.28534245e-03
12.307692 14.358974 1.47305560e-03
12.820513 14.358974 1.37078450e-03
13.333333 14.358974 1.28781407e-03
13.846154 14.358974 1.38657848e-03
14.358974 14.358974 1.34025124e-03
14.871795 14.358974 1.34656017e-03
15.384615 14.358974 1.38372806e-03
15.897436 14.358974 1.30472389e-03
16.410256 14.358974 1.41844961e-03
16.923077 14.358974 1.31828643e-03
17.435897 14.358974 1.35732057e-03
17.948718 14.358974 1.40737003e-03
18.461538 14.358974 1.26341667e-03
18.974359 14.358974 1.47625961e-03
19.487179 14.358974 1.24301103e-03
20.000000 14.358974 1.46079716e-03
0.000000 14.871795 2.09518636e-03
0.512821 14.871795 2.09145616e-03
1.025641 14.871795 2.07767548e-03
1.538462 14.871795 2.04280645e-03
2.051282 14.871795 1.97003489e-03
2.564103 14.871795 1.84284448e-03
3.076923 14.871795 1.65154492e-03
3.589744 14.871795 1.40561858e-03
4.102564 14.871795 1.14783394e-03
4.615385 14.871795 9.57493370e-04
5.128205 14.871795 9.30431783e-04
5.641026 14.871795 1.12423005e-03
6.153846 14.871795 1.48263087e-03
6.666667 14.871795 1.80025153e-03
7.179487 14.871795 1.82604279e-03
7.692308 14.871795 1.51196727e-03
8.205128 14.871795 1.14064412e-03
8.717949 14.871795 1.10236705e-03
9.230769 14.871795 1.42625892e-03
9.743590 14.871795 1.64986683e-03
10.256410 14.871795 1.43333860e-03
10.769231 14.871795 1.17918084e-03
11.282051 14.871795 1.32651682e-03
11.794872 14.871795 1.51590473e-03
12.307692 14.871795 1.35501934e-03
12.820513 14.871795 1.25797829e-03
13.333333 14.871795 1.39499049e-03
13.846154 14.871795 1.36162689e-03
14.358974 14.871795 1.31287995e-03
14.871795 14.871795 1.38362995e-03
15.384615 14.871795 1.32345841e-03
15.897436 14.871795 1.37863445e-03
16.410256 14.871795 1.35045889e-03
16.923077 14.871795 1.32948486e-03
17.435897 14.871795 1.41212076e-03
17.948718 14.871795 1.27357615e-03
18.461538 14.871795 1.43081044e-03
18.974359 14.871795 1.30609088e-03
19.487179 14.871795 1.36653582e-03
20.000000 14.871795 1.39634041e-03
0.000000 15.384615 1.21835851e-03
0.512821 15.384615 1.19997147e-03
1.025641 15.384615 1.14626522e-03
1.538462 15.384615 1.06386777e-03
2.051282 15.384615 9.69620722e-04
2.564103 15.384615 8.89145664e-04
3.076923 15.384615 8.60994571e-04
3.589744 15.384615 9.28366412e-04
4.102564 15.384615 1.11986248e-03
4.615385 15.384615 1.42043107e-03
5.128205 15.384615 1.74002854e-03
5.641026 15.384615 1.92618791e-03
6.153846 15.384615 1.84152487e-03
6.666667 15.384615 1.49700835e-03
7.179487 15.384615 1.12118967e-03
7.692308 15.384615 1.02992468e-03
8.205128 15.384615 1.31658134e-03
8.717949 15.384615 1.66098985e-03
9.230769 15.384615 1.61901617e-03
9.743590 15.384615 1.26228609e-03
10.256410 15.384615 1.15347627e-03
10.769231 15.384615 1.43173921e-03
11.282051 15.384615 1.54186319e-03
11.794872 15.384615 1.29676739e-03
12.307692 15.384615 1.24088894e-03
12.820513 15.384615 1.42203613e-03
13.333333 15.384615 1.36764200e-03
13.846154 15.384615 1.28076751e-03
14.358974 15.384615 1.38405902e-03
14.871795 15.384615 1.34335794e-03
15.384615 15.384615 1.34364244e-03
15.897436 15.384615 1.36531120e-03
16.410256 15.384615 1.32691941e-03
16.923077 15.384615 1.39117352e-03
17.435897 15.384615 1.30144954e-03
17.948718 15.384615 1.38289460e-03
18.461538 15.384615 1.35350718e-03
18.974359 15.384615 1.30785522e-03
19.487179 15.384615 1.43736585e-03
20.000000 15.384615 1.25169174e-03
0.000000 15.897436 1.03511410e-03
0.512821 15.897436 1.05146341e-03
1.025641 15.897436 1.10398043e-03
1.538462 15.897436 1.19827050e-03
2.051282 15.897436 1.33900179e-03
2.564103 15.897436 1.52448236e-03
3.076923 15.897436 1.73259161e-03
3.589744 15.897436 1.91881318e-03
4.102564 15.897436 2.00818748e-03
4.615385 15.897436 1.93128324e-03
5.128205 15.897436 1.66565371e-03
5.641026 15.897436 1.29473958e-03
6.153846 15.897436 1.00762693e-03
6.666667 15.897436 1.00537354e-03
7.179487 15.897436 1.31595164e-03
7.692308 15.897436 1.68121366e-03
8.205128 15.897436 1.72118174e-03
8.717949 15.897436 1.37794599e-03
9.230769 15.897436 1.09780135e-03
9.743590 15.897436 1.26024175e-03
10.256410 15.897436 1.57358005e-03
10.769231 15.897436 1.49529595e-03
11.282051 15.897436 1.20261821e-03
11.794872 15.897436 1.26363831e-03
12.307692 15.897436 1.46610283e-03
12.820513 15.897436 1.34376868e-03
13.333333 15.897436 1.25112314e-03
13.846154 15.897436 1.39714338e-03
14.358974 15.897436 1.35502954e-03
14.871795 15.897436 1.31261701e-03
15.384615 15.897436 1.37268778e-03
15.897436 15.897436 1.33580251e-03
16.410256 15.897436 1.36136909e-03
16.923077 15.897436 1.32646233e-03
17.435897 15.897436 1.35218730e-03
17.948718 15.897436 1.36936687e-03
18.461538 15.897436 1.29127380e-03
18.974359 15.897436 1.42856802e-03
19.487179 15.897436 1.27005629e-03
20.000000 15.897436 1.42094325e-03
0.000000 16.410256 2.08397620e-03
0.512821 16.410256 2.08530532e-03
1.025641 16.410256 2.08649441e-03
1.538462 16.410256 2.07251072e-03
2.051282 16.410256 2.02423872e-03
2.564103 16.410256 1.91617080e-03
3.076923 16.410256 1.72986218e-03
3.589744 16.410256 1.47116303e-03
4.102564 16.410256 1.18549495e-03
4.615385 16.410256 9.64661805e-04
5.128205 16.410256 9.21354605e-04
5.641026 16.410256 1.11808649e-03
6.153846 16.410256 1.48177581e-03
6.666667 16.410256 1.78070240e-03
7.179487 16.410256 1.75737039e-03
7.692308 16.410256 1.40383342e-03
8.205128 16.410256 1.07670424e-03
8.717949 16.410256 1.14875755e-03
9.230769 16.410256 1.51321778e-03
9.743590 16.410256 1.63108555e-03
10.256410 16.410256 1.33107245e-03
10.769231 16.410256 1.13211157e-03
11.282051 16.410256 1.35609906e-03
11.794872 16.410256 1.49670730e-03
12.307692 16.410256 1.27701817e-03
12.820513 16.410256 1.24000732e-03
13.333333 16.410256 1.42845677e-03
13.846154 16.410256 1.34767726e-03
14.358974 16.410256 1.28442195e-03
14.871795 16.410256 1.38403711e-03
15.384615 16.410256 1.34374956e-03
15.897436 16.410256 1.33109788e-03
16.410256 16.410256 1.34548363e-03
16.923077 16.410256 1.33717132e-03
17.435897 16.410256 1.36202581e-03
17.948718 16.410256 1.29937056e-03
18.461538 16.410256 1.39964871e-03
18.974359 16.410256 1.30037955e-03
19.487179 16.410256 1.37255317e-03
20.000000 16.410256 1.35815220e-03
0.000000 16.923077 1.15230437e-03
0.512821 16.923077 1.13336538e-03
1.025641 16.923077 1.08076370e-03
1.538462 16.923077 1.00360787e-03
2.051282 16.923077 9.20332703e-04
2.564103 16.923077 8.62017075e-04
3.076923 16.923077 8.70900464e-04
3.589744 16.923077 9.83960501e-04
4.102564 16.923077 1.21638538e-03
4.615385 16.923077 1.52615410e-03
5.128205 16.923077 1.79731381e-03
5.641026 16.923077 1.87327273e-03
6.153846 16.923077 1.66476104e-03
6.666667 16.923077 1.27918569e-03
7.179487 16.923077 1.01460618e-03
7.692308 16.923077 1.12162705e-03
8.205128 16.923077 1.49776561e-03
8.717949 16.923077 1.69537196e-03
9.230769 16.923077 1.45485883e-03
9.743590 16.923077 1.11741285e-03
10.256410 16.923077 1.19437853e-03
10.769231 16.923077 1.49927194e-03
11.282051 16.923077 1.44848503e-03
11.794872 16.923077 1.18086218e-03
12.307692 16.923077 1.27975100e-03
12.820513 16.923077 1.46582438e-03
13.333333 16.923077 1.30870888e-03
13.846154 16.923077 1.26670204e-03
14.358974 16.923077 1.40660550e-03
14.871795 16.923077 1.33962018e-03
15.384615 16.923077 1.30387622e-03
15.897436 16.923077 1.36296050e-03
16.410256 16.923077 1.32837161e-03
16.923077 16.923077 1.34444399e-03
17.435897 16.923077 1.31624342e-03
17.948718 16.923077 1.36947995e-03
18.461538 16.923077 1.32126958e-03
18.974359 16.923077 1.34414161e-03
19.487179 16.923077 1.37581908e-03
20.000000 16.923077 1.29413222e-03
0.000000 17.435897 1.25415657e-03
0.512821 17.435897 1.27425129e-03
1.025641 17.435897 1.33614583e-03
1.538462 17.435897 1.43863357e-03
2.051282 17.435897 1.57802830e-03
2.564103 17.435897 1.73655892e-03
3.076923 17.435897 1.87673634e-03
3.589744 17.435897 1.94302476e-03
4.102564 17.435897 1.87433691e-03
4.615385 17.435897 1.64389450e-03
5.128205 17.435897 1.30943797e-03
5.641026 17.435897 1.02410966e-03
6.153846 17.435897 9.73153871e-04
6.666667 17.435897 1.22501237e-03
7.179487 17.435897 1.59749286e-03
7.692308 17.435897 1.74134901e-03
8.205128 17.435897 1.48901591e-03
8.717949 17.435897 1.11494145e-03
9.230769 17.435897 1.09439597e-03
9.743590 17.435897 1.42690462e-03
10.256410 17.435897 1.56293520e-03
10.769231 17.435897 1.27717062e-03
11.282051 17.435897 1.13075262e-03
11.794872 17.435897 1.39094324e-03
12.307692 17.435897 1.46633627e-03
12.820513 17.435897 1.23625428e-03
13.333333 17.435897 1.28125278e-03
13.846154 17.435897 1.43733113e-03
14.358974 17.435897 1.31171801e-03
14.871795 17.435897 1.28664441e-03
15.384615 17.435897 1.38358325e-03
15.897436 17.435897 1.31495407e-03
16.410256 17.435897 1.32621374e-03
16.923077 17.435897 1.33455712e-03
17.435897 17.435897 1.34285776e-03
17.948718 17.435897 1.33024871e-03
18.461538 17.435897 1.33445352e-03
18.974359 17.435897 1.36986623e-03
19.487179 17.435897 1.30110658e-03
20.000000 17.435897 1.39745522e-03
0.000000 17.948718 1.87636361e-03
0.512821 17.948718 1.86226593e-03
1.025641 17.948718 1.81914162e-03
1.538462 17.948718 1.73641248e-03
2.051282 17.948718 1.60661770e-03
2.564103 17.948718 1.42771329e-03
3.076923 17.948718 1.21711263e-03
3.589744 17.948718 1.02072164e-03
4.102564 17.948718 9.10917222e-04
4.615385 17.948718 9.63787546e-04
5.128205 17.948718 1.20277806e-03
5.641026 17.948718 1.54026444e-03
6.153846 17.948718 1.77733016e-03
6.666667 17.948718 1.72292534e-03
7.179487 17.948718 1.38321469e-03
7.692308 17.948718 1.04440793e-03
8.205128 17.948718 1.05830816e-03
8.717949 17.948718 1.40237896e-03
9.230769 17.948718 1.61287833e-03
9.743590 17.948718 1.37809051e-03
10.256410 17.948718 1.08598165e-03
10.769231 17.948718 1.23722007e-03
11.282051 17.948718 1.51723763e-03
11.794872 17.948718 1.37265651e-03
12.307692 17.948718 1.16739885e-03
12.820513 17.948718 1.35204119e-03
13.333333 17.948718 1.44985884e-03
13.846154 17.948718 1.25546877e-03
14.358974 17.948718 1.29491727e-03
14.871795 17.948718 1.40396025e-03
15.384615 17.948718 1.28793806e-03
15.897436 17.948718 1.31714257e-03
16.410256 17.948718 1.35107899e-03
16.923077 17.948718 1.31706930e-03
17.435897 17.948718 1.33367056e-03
17.948718 17.948718 1.33493454e-03
18.461538 17.948718 1.35201402e-03
18.974359 17.948718 1.31671498e-03
19.487179 17.948718 1.37289623e-03
20.000000 17.948718 1.31435598e-03
0.000000 18.461538 8.59643936e-04
0.512821 18.461538 8.62678126e-04
1.025641 18.461538 8.74540057e-04
1.538462 18.461538 9.08440968e-04
2.051282 18.461538 9.81260308e-04
2.564103 18.461538 1.11234950e-03
3.076923 18.461538 1.30598618e-03
3.589744 18.461538 1.53946432e-03
4.102564 18.461538 1.75167657e-03
4.615385 18.461538 1.84922780e-03
5.128205 18.461538 1.75155679e-03
5.641026 18.461538 1.45753088e-03
6.153846 18.461538 1.10856386e-03
6.666667 18.461538 9.47480816e-04
7.179487 18.461538 1.12411177e-03
7.692308 18.461538 1.48708096e-03
8.205128 18.461538 1.64915772e-03
8.717949 18.461538 1.39906661e-03
9.230769 18.461538 1.06476328e-03
9.743590 18.461538 1.13385637e-03
10.256410 18.461538 1.48210243e-03
10.769231 18.461538 1.50100149e-03
11.282051 18.461538 1.19365759e-03
11.794872 18.461538 1.19072042e-03
12.307692 18.461538 1.46309304e-03
12.820513 18.461538 1.39635940e-03
13.333333 18.461538 1.19314503e-03
13.846154 18.461538 1.34571416e-03
14.358974 18.461538 1.40542721e-03
14.871795 18.461538 1.24649961e-03
15.384615 18.461538 1.32761684e-03
15.897436 18.461538 1.36023666e-03
16.410256 18.461538 1.28871054e-03
16.923077 18.461538 1.34023291e-03
17.435897 18.461538 1.33644663e-03
17.948718 18.461538 1.33064041e-03
18.461538 18.461538 1.33422016e-03
18.974359 18.461538 1.35175310e-03
19.487179 18.461538 1.32709841e-03
20.000000 18.461538 1.34332732e-03
0.000000 18.974359 1.87534196e-03
0.512821 18.974359 1.88057713e-03
1.025641 18.974359 1.89477324e-03
1.538462 18.974359 1.90423152e-03
2.051282 18.974359 1.88762023e-03
2.564103 18.974359 1.82001980e-03
3.076923 18.974359 1.67767952e-03
3.589744 18.974359 1.45585212e-03
4.102564 18.974359 1.19028548e-03
4.615385 18.974359 9.67108605e-04
5.128205 18.974359 9.02480435e-04
5.641026 18.974359 1.06598403e-03
6.153846 18.974359 1.39251517e-03
6.666667 18.974359 1.66076215e-03
7.179487 18.974359 1.62799863e-03
7.692308 18.974359 1.29197973e-03
8.205128 18.974359 1.00089479e-03
8.717949 18.974359 1.10632648e-03
9.230769 18.974359 1.47300544e-03
9.743590 18.974359 1.56581519e-03
10.256410 18.974359 1.25543119e-03
10.769231 18.974359 1.09524251e-03
11.282051 18.974359 1.36533982e-03
11.794872 18.974359 1.51317622e-03
12.307692 18.974359 1.25506112e-03
12.820513 18.974359 1.19031814e-03
13.333333 18.974359 1.43021396e-03
13.846154 18.974359 1.35653289e-03
14.358974 18.974359 1.20941515e-03
14.871795 18.974359 1.36458943e-03
15.384615 18.974359 1.34899991e-03
15.897436 18.974359 1.26088468e-03
16.410256 18.974359 1.35715275e-03
16.923077 18.974359 1.33001098e-03
17.435897 18.974359 1.31162524e-03
17.948718 18.974359 1.35205200e-03
18.461538 18.974359 1.33276270e-03
18.974359 18.974359 1.33274960e-03
19.487179 18.974359 1.34195067e-03
20.000000 18.974359 1.34222828e-03
0.000000 19.487179 9.98676172e-04
0.512821 19.487179 9.85449614e-04
1.025641 19.487179 9.48535067e-04
1.538462 19.487179 8.99439125e-04
2.051282 19.487179 8.56917052e-04
2.564103 19.487179 8.51330132e-04
3.076923 19.487179 9.14940044e-04
3.589744 19.487179 1.07199938e-03
4.102564 19.487179 1.31143268e-03
4.615385 19.487179 1.56893603e-03
5.128205 19.487179 1.72548149e-03
5.641026 19.487179 1.66431698e-03
6.153846 19.487179 1.37736667e-03
6.666667 19.487179 1.04493937e-03
7.179487 19.487179 9.45334156e-04
7.692308 19.487179 1.19657134e-03
8.205128 19.487179 1.54919474e-03
8.717949 19.487179 1.58304066e-03
9.230769 19.487179 1.25544950e-03
9.743590 19.487179 1.04655372e-03
10.256410 19.487179 1.28176201e-03
10.769231 19.487179 1.54922693e-03
11.282051 19.487179 1.36990328e-03
11.794872 19.487179 1.12091950e-03
12.307692 19.487179 1.31095595e-03
12.820513 19.487179 1.47508053e-03
13.333333 19.487179 1.24565048e-03
13.846154 19.487179 1.22093566e-03
14.358974 19.487179 1.41436395e-03
14.871795 19.487179 1.30166000e-03
15.384615 19.487179 1.24940880e-03
15.897436 19.487179 1.38400699e-03
16.410256 19.487179 1.30635407e-03
16.923077 19.487179 1.30261388e-03
17.435897 19.487179 1.36940743e-03
17.948718 19.487179 1.31152001e-03
18.461538 19.487179 1.33819742e-03
18.974359 19.487179 1.34474515e-03
19.487179 19.487179 1.32889932e-03
20.000000 19.487179 1.32801736e-03
0.000000 20.000000 1.52944082e-03
0.512821 20.000000 1.54502595e-03
1.025641 20.000000 1.58972885e-03
1.538462 20.000000 1.65505535e-03
2.051282 20.000000 1.72540540e-03
2.564103 20.000000 1.77218744e-03
3.076923 20.000000 1.75843750e-03
3.589744 20.000000 1.64895360e-03
4.102564 20.000000 1.43316618e-03
4.615385 20.000000 1.15851899e-03
5.128205 20.000000 9.36374659e-04
5.641026 20.000000 9.03366793e-04
6.153846 20.000000 1.11931167e-03
6.666667 20.000000 1.46420176e-03
7.179487 20.000000 1.65848173e-03
7.692308 20.000000 1.50391746e-03
8.205128 20.000000 1.14839746e-03
8.717949 20.000000 1.01072141e-03
9.230769 20.000000 1.27899897e-03
9.743590 20.000000 1.57191091e-03
10.256410 20.000000 1.43688308e-03
10.769231 20.000000 1.11434423e-03
11.282051 20.000000 1.19107021e-03
11.794872 20.000000 1.48614179e-03
12.307692 20.000000 1.37473305e-03
12.820513 20.000000 1.13997517e-03
13.333333 20.000000 1.31822922e-03
13.846154 20.000000 1.42520328e-03
14.358974 20.000000 1.22138091e-03
14.871795 20.000000 1.28064179e-03
15.384615 20.000000 1.40395851e-03
15.897436 20.000000 1.26282073e-03
16.410256 20.000000 1.31549865e-03
16.923077 20.000000 1.37931650e-03
17.435897 20.000000 1.28603981e-03
17.948718 20.000000 1.35109066e-03
18.461538 20.000000 1.34389832e-03
18.974359 20.000000 1.31433573e-03
19.487179 20.000000 1.34458110e-03
20.000000 20.000000 1.33321755e-03
